SGX: 0.485144 
 OE: 0.851426 
 Graphene: 0.308887