SGX: 290966.287666 
 OE: 133597.817624 
 Graphene: 311347.431081 
 Baseline: 758423.792645