SGX: 0.345694 
 OE: 0.494858 
 Graphene: 0.347715