SGX: 138.383332 
 OE: 57.019230 
 Graphene: 137.775639 
 Baseline: 137.712822