SGX: 0.288852 
 OE: 0.298113 
 Graphene: 0.000892