SGX: 662132.283305 
 OE: 614043.836088 
 Graphene: 2136759.875573 
 Baseline: 2128486.849125