SGX: 0.612823 
 OE: 0.716552 
 Graphene: 0.482172