SGX: 0.612838 
 OE: 0.716582 
 Graphene: 0.482203