SGX: 0.267961 
 OE: 0.716582 
 Graphene: 0.452647