SGX: 308628.954515 
 OE: 139837.017799 
 Graphene: 343408.005909 
 Baseline: 955791.489753