SGX: 0.524989 
 OE: 0.864068 
 Graphene: 0.330441