SGX: 0.596205 
 OE: 0.705567 
 Graphene: 0.185706