SGX: 22746.414627 
 OE: 42559.725468 
 Graphene: 101443.807528 
 Baseline: 138868.675160