SGX: 112.427274 
 OE: 46.398485 
 Graphene: 100.984846 
 Baseline: 117.533334