SGX: 0.628328 
 OE: 0.805983 
 Graphene: 0.724810