SGX: -0.023668 
 OE: 0.826654 
 Graphene: -0.013993