SGX: 553.753026 
 OE: 70.046969 
 Graphene: 552.584842 
 Baseline: 567.633342