SGX: 0.380962 
 OE: 0.903935 
 Graphene: 0.454984 
 SGX-avg: 0.579960