SGX: -0.798458 
 OE: 0.758857 
 Graphene: -0.794289 
 SGX-avg: -0.277963