SGX: 470.675637 
 OE: 59.387179 
 Graphene: 470.112822 
 Baseline: 248.111538