SGX: 320744.027839 
 OE: 144716.783848 
 Graphene: 318795.137250 
 Baseline: 769180.133732