SGX: 0.344958 
 OE: 0.836690 
 Graphene: 0.349146