SGX: 0.681294 
 OE: 0.773914 
 Graphene: 0.292996