SGX: 0.353840 
 OE: 0.676822 
 Graphene: 0.192609