SGX: 0.377212 
 OE: 0.707016 
 Graphene: 0.280507