SGX: 0.444650 
 OE: 0.719897 
 Graphene: 0.358670