SGX: -0.002062 
 OE: 0.856510 
 Graphene: -0.002123