SGX: 475.575645 
 OE: 61.665384 
 Graphene: 475.710261 
 Baseline: 476.421792