SGX: 345696.893339 
 OE: 150742.939470 
 Graphene: 347805.959688 
 Baseline: 959639.030762