SGX: 0.363932 
 OE: 0.854518 
 Graphene: 0.363290