SGX: 394159.609493 
 OE: 432484.599555 
 Graphene: 644340.904098 
 Baseline: 991375.771358