SGX: 0.232302 
 OE: 0.215778 
 Graphene: 0.128488