SGX: 22707.174126 
 OE: 45681.454916 
 Graphene: 143525.772616 
 Baseline: 159282.974633