SGX: 0.601634 
 OE: 0.692864 
 Graphene: 0.115441