SGX: 0.398366 
 OE: 0.307136 
 Graphene: 0.884559